,MSFT,23.93,24.42,23.77,24.41,690189
,MSFT,24.37,24.7326,24.28,24.64,541808
,MSFT,24.6,24.82,24.46,24.64,439802
,MSFT,24.56,24.75,24.42,24.55,410790
,MSFT,24.42,24.78,24.3,24.69,454956
,MSFT,25.05,25.49,24.61,24.68,558079
,MSFT,24.56,24.85,24.29,24.65,495971
,MSFT,24.37,24.74,23.9,24,626084
,MSFT,23.82,24.14,23.78,23.86,407712
,MSFT,23.91,24.14,23.76,24.11,341203
,MSFT,24.14,24.8001,24.08,24.62,449996
,MSFT,24.72,24.95,24.665,24.78,499002
,MSFT,24.79,25.05,24.65,25,462587
,MSFT,24.92,25.17,24.81,24.86,543042
,MSFT,24.65,25.09,24.64,25,428101
,MSFT,24.95,25.27,24.86,25.2,447184
,MSFT,25.25,25.35,24.95,25.2,500557
,MSFT,25.06,25.38,25.06,25.3,424316
,MSFT,25.46,25.48,25.1,25.26,680164
,MSFT,25.1,25.37,25.1,25.3,288786
,MSFT,25.42,25.82,25.29,25.77,613783
,MSFT,25.92,26.25,25.64,25.71,606035
,MSFT,25.89,26.11,25.66,25.94,563106
,MSFT,25.68,25.82,25.52,25.55,501610
,MSFT,25.6,26.16,25.6,25.83,443635
,MSFT,25.9,25.96,25.69,25.75,390502
,MSFT,25.75,25.99,25.38,25.72,635376
,MSFT,25.39,25.47,24.8,24.88,759580
,MSFT,24.5,25.09,24.43,24.96,512262
,MSFT,24.97,25.06,24.52,24.64,604091
,MSFT,24.7,25.21,24.655,25.11,487952
,MSFT,24.97,25.18,24.88,25.1,384738
,MSFT,25.435,25.9,25.22,25.67,605212
,MSFT,25.56,25.79,25.46,25.55,395222
,MSFT,25.65,25.89,25.55,25.72,291535
,MSFT,25.56,25.94,25.52,25.81,377489
,MSFT,26.13,26.2,25.82,25.96,453654
,MSFT,25.93,26.71,25.9,26.71,656201
,MSFT,26.47,26.63,26.1,26.5,565008
,MSFT,26.54,26.58,26.25,26.36,481431
,MSFT,26.37,26.51,25.94,26.37,546134
,MSFT,26.43,26.75,26.39,26.58,616726
,MSFT,26.55,26.72,26.13,26.59,615999
,MSFT,29.05,29.35,27.88,28.02,2817609
,MSFT,28.14,29.02,28.11,28.68,1241496
,MSFT,28.73,28.88,28.44,28.59,696857
,MSFT,28.16,28.77,27.95,28.02,735423
,MSFT,28.55,28.74,28.28,28.47,526833
,MSFT,28.32,28.63,28.2,28.52,389099
,MSFT,28.6,29,28.53,28.99,575220
,MSFT,28.88,29.28,28.81,29.01,658810
,MSFT,29.07,29.3,29.02,29.12,496933
,MSFT,29.46,29.79,29.37,29.63,530449
,MSFT,29.58,29.8,29.37,29.54,541295
,MSFT,29.5,30,29.47,30,756488
,MSFT,29.99,30.14,29.81,30.11,594409
,MSFT,29.98,30,29.7,29.78,519676
,MSFT,29.67,29.77,29.43,29.62,426480
,MSFT,29.74,30.01,29.7,29.94,418363
,MSFT,29.94,29.99,29.75,29.91,373413
,MSFT,29.82,29.86,29.58,29.79,320361
,MSFT,29.01,29.39,28.75,29.22,293578
,MSFT,29.08,29.45,29,29.41,441746
,MSFT,29.5,30.05,29.41,30.01,499071
,MSFT,29.88,29.99,29.65,29.78,363085
,MSFT,29.78,30.2,29.76,29.83,430963
,MSFT,30.04,30.37,29.83,29.98,588199
,MSFT,29.71,30.08,29.68,29.79,380826
,MSFT,29.51,29.74,29.38,29.57,374079
,MSFT,29.33,29.81,29.25,29.71,447193
,MSFT,29.67,29.96,29.66,29.87,459407
,MSFT,29.94,30,29.79,29.85,437465
,MSFT,29.91,30.16,29.9,30.11,346511
,MSFT,29.88,30.21,29.88,30.02,494731
,MSFT,30.08,30.41,30.04,30.1,557411
,MSFT,29.95,29.96,29.57,29.6,436911
,MSFT,29.84,30.45,29.8,30.36,941179
,MSFT,30.38,30.84,30.37,30.52,401328
,MSFT,30.6,30.93,30.54,30.82,363209
,MSFT,30.7,30.95,30.69,30.92,283626
,MSFT,30.82,31,30.76,31,110838
,MSFT,30.99,31.18,30.89,31.17,253855
,MSFT,31.25,31.5,31.23,31.39,297224
,MSFT,31.1,31.29,30.8,30.96,420075
,MSFT,30.98,30.99,30.48,30.48,319296
,MSFT,30.65,31.1,30.59,30.95,384141
,MSFT,30.87,31.1,30.64,30.96,497588
,MSFT,30.88,31.08,30.52,30.77,581823
,MSFT,30.61,30.7,30.19,30.452,505642
,MSFT,30.27,30.88,30.24,30.66,512012
,MSFT,30.72,30.76,30.12,30.27,687546
,MSFT,30.16,30.4,29.91,30.07,659132
,MSFT,30.26,30.52,30.01,30.35,518634
,MSFT,30.26,31.1,30.26,30.96,632447
,MSFT,31.2,31.24,30.71,30.86,799156
,MSFT,30.68,31.24,30.68,31.1,465828
,MSFT,30.78,30.94,30.31,30.585,548577
,MSFT,30.61,30.72,30,30.01,730867
,MSFT,30,30.2,28.84,28.96,1020045
,MSFT,29.2,29.66,29.1,29.32,633811
,MSFT,29.14,29.85,29.09,29.5,666476
,MSFT,29.3,29.82,29.02,29.67,639494
,MSFT,29.83,29.87,28.89,29.16,1175136
,MSFT,29.89,29.92,27.66,28.18,1938884
,MSFT,28.4,28.48,27.92,28.41,859310
,MSFT,28.37,28.5,28.14,28.46,544136
,MSFT,28.22,28.79,28.12,28.63,613978
,MSFT,28.35,28.5,27.81,27.84,778499
,MSFT,27.97,28.28,27.57,28.02,809600
,MSFT,27.96,28.08,27.57,27.72,528264
,MSFT,27.97,28.34,27.75,28.01,591957
,MSFT,28.01,28.24,27.84,27.99,485912
,MSFT,27.91,28.4,27.7,28.12,659959
,MSFT,27.78,28.06,27.58,27.93,811215
,MSFT,28.13,28.37,28.02,28.35,513175
,MSFT,28.58,28.65,28.36,28.59,458828
,MSFT,28.59,29.03,28.51,28.969,428565
,MSFT,28.77,28.92,28.69,28.77,444616
,MSFT,28.84,28.94,28.65,28.73,367103
,MSFT,28.67,28.83,28.09,28.33,522700
,MSFT,28.53,28.79,28.38,28.63,431668
,MSFT,28.17,28.65,28.02,28.6,487352
,MSFT,28.64,28.85,28.51,28.67,403728
,MSFT,28.77,29.05,28.53,29.02,438053
,MSFT,29.06,29.3,28.24,28.46,931298
,MSFT,28.52,28.61,28.35,28.46,484420
,MSFT,28.44,28.65,28.27,28.63,428941
,MSFT,28.64,28.68,28.42,28.5875,560050
,MSFT,28.51,28.93,28.5,28.63,394213
,MSFT,28.56,29.11,28.55,28.8,502784
,MSFT,28.86,29.11,28.8,28.97,448986
,MSFT,28.95,29.19,28.85,29.18,353536
,MSFT,29.32,29.38,29.04,29.27,317093
,MSFT,29.21,29.37,29.01,29.29,375167
,MSFT,29.42,29.49,29.2,29.37,367329
,MSFT,29.5,29.87,29.4,29.63,503866
,MSFT,29.63,29.72,29.5,29.61,438452
,MSFT,29.8,29.9,29.35,29.59,813410
,MSFT,29.5,29.7,29.39,29.6,377181
,MSFT,29.63,29.9,29.41,29.88,420265
,MSFT,29.68,29.85,29.6,29.65,339935
,MSFT,29.83,30.57,29.8,30.01,731766
,MSFT,30.11,30.2,29.59,29.66,556047
,MSFT,29.7,29.82,29.55,29.59,333407
,MSFT,29.55,29.86,29.5,29.77,349558
,MSFT,29.65,29.72,29.17,29.2875,637626
,MSFT,29.35,29.54,28.62,29.16,747680
,MSFT,29.09,29.425,29.03,29.27,343382
,MSFT,29.1,29.58,28.98,29.32,473667
,MSFT,29.15,29.56,29.14,29.35,583205
,MSFT,29.3,29.975,29.3,29.92,637137
,MSFT,29.95,30.41,29.895,30.34,547554
,MSFT,30.26,30.49,30.205,30.32,370742
,MSFT,30.17,30.5,30.13,30.45,413745
,MSFT,30.75,31,30.66,30.82,689411
,MSFT,30.81,30.95,30.71,30.87,527480
,MSFT,30.75,30.98,30.6,30.67,887078
,MSFT,30.77,31.25,30.76,31.039,649702
,MSFT,31.21,31.44,31.13,31.36,522060
,MSFT,31.32,31.5,31.23,31.332,553430
,MSFT,31.01,31.53,30.9,31.39,848475
,MSFT,31.11,31.58,30.65,30.96,1267665
,MSFT,31,31.275,30.86,31.11,636522
,MSFT,30.94,31.25,30.7493,30.845,687323
,MSFT,30.88,31,30.62,30.91,645579
,MSFT,30.96,31.4333,30.67,31.003,526717
,MSFT,31.05,31.08,30.52,30.535,632202
,MSFT,30.67,31.0606,30.58,30.86,439900
,MSFT,30.5,30.55,29.75,30.13,820855
,MSFT,29.72,30.09,29.69,29.85,668337
,MSFT,29.56,29.88,27.91,28.98,1286129
,MSFT,28.9,28.95,27.32,28.21,1737180
,MSFT,28.97,29.48,28.71,28.94,866562
,MSFT,28.69,29.65,28.57,28.88,638030
,MSFT,29.02,29.58,28.92,29.44,471524
,MSFT,29.27,29.73,29.18,29.24,452916
,MSFT,29.17,29.21,28.64,28.93,633339
,MSFT,29.19,29.23,28.45,28.94,460554
,MSFT,28.86,29,28.4,28.5975,527721
,MSFT,28.52,28.69,27.79,28.24,617541
,MSFT,27.62,27.84,27.04,27.11,879910
,MSFT,26.57,27.11,26.44,26.84,1176002
,MSFT,26.81,26.86,26.26,26.27,736294
,MSFT,25.65,26.33,25.38,26.07,983735
,MSFT,26.24,26.605,24.56,25.01,1766840
,MSFT,25.74,26.36,25.725,26,1364345
,MSFT,25.82,26.12,25.66,25.8,675022
,MSFT,25.57,26.31,25.52,25.89,761554
,MSFT,26.05,26.48,25.73,26.46,657187
,MSFT,26.54,26.93,26.41,26.86,678393
,MSFT,26.11,26.57,25.62,25.79,898332
,MSFT,25.82,25.83,25.24,25.29,804561
,MSFT,25.23,25.26,24.65,25.11,873549
,MSFT,25.22,25.52,24.75,24.79,878084
,MSFT,25.13,25.15,24.78,25,789504
,MSFT,25.05,25.72,24.77,25.66,680577
,MSFT,25.89,25.96,25.47,25.495,509723
,MSFT,25.77,26.65,25.74,26.5825,816442
,MSFT,26.5,26.58,26.23,26.32,486993
,MSFT,26.61,26.67,26.04,26.37,479986
,MSFT,26.36,26.53,26.17,26.44,520792
,MSFT,26.75,26.89,25.89,25.95,546252
,MSFT,26.17,26.45,25.76,25.77,559863
,MSFT,25.75,25.78,25.22,25.308,614682
,MSFT,25.46,25.72,24.93,25,852521
,MSFT,25.02,25.11,24.31,24.5325,1562566
,MSFT,24.5,24.61,24.12,24.31,737878
,MSFT,24.1,24.2,23.11,23.31,1198857
,MSFT,23.25,23.68,22.95,23.01,810579
,MSFT,23.09,23.32,22.73,23.16,922394
,MSFT,23.31,23.48,23.05,23.27,624894
,MSFT,23.72,24.09,23.584,23.82,735945
,MSFT,23.82,24.32,23.61,24.3,819672
,MSFT,24.27,24.41,24.15,24.27,538113
,MSFT,24.44,24.89,24.42,24.83,498622
,MSFT,25.14,25.3,24.9,25.13,619286
,MSFT,25.51,25.61,25.12,25.44,728080
,MSFT,25.49,25.59,24.98,25.51,569346
,MSFT,25.51,25.64,24.88,24.89,650647
,MSFT,24.95,25.3,24.91,25.23,381817
,MSFT,24.87,25.48,24.7,25.48,455301
,MSFT,25.6,25.65,24.975,25.12,732975
,MSFT,25.5,25.99,25.47,25.84,730163
,MSFT,25.83,26.02,25.25,25.81,1085200
,MSFT,25.89,26.2,25.8,26.1,672498
,MSFT,26.1,26.24,25.96,26.16,606824
,MSFT,26.08,26.19,25.83,25.95,697047
,MSFT,26.14,26.41,25.6,26.03,694461
,MSFT,25.72,25.84,25.35,25.81,835347
,MSFT,25.98,26.38,25.75,26.33,550445
,MSFT,26.27,26.35,25.97,26.16,568776
,MSFT,26.16,26.24,25.44,25.73,785318
,MSFT,25.5,25.58,25.21,25.37,649220
,MSFT,25.18,25.56,25.02,25.55,559854
,MSFT,25.55,25.73,25.37,25.61,571025
,MSFT,25.33,25.34,24.88,25.07,872576
,MSFT,24.67,24.9,24.56,24.86,767458
,MSFT,24.34,24.67,24.24,24.4,452634
,MSFT,24.34,24.61,24.3,24.5,409683
,MSFT,24.7,24.96,24.6,24.71,529350
,MSFT,24.58,24.74,24.21,24.44,540690
,MSFT,24.31,24.4,24.2,24.23,495657
,GOOG,464.84,466.09,462.65,465.24,35643
,GOOG,467.08,470.09,464.425,468.73,24593
,GOOG,469.09,474.35,468.72,471.37,23430
,GOOG,472.6,473,466.7,468,19884
,GOOG,466.58,468.58,460.73,466.06,20000
,GOOG,469.02,472.37,463.38,464.75,17718
,GOOG,459.56,461.86,458,461.67,19579
,GOOG,459.95,466.82,454.42,455.761,25950
,GOOG,454.5,458.33,452.59,453.01,18065
,GOOG,456.32,458.25,455,457.52,16463
,GOOG,458.07,462.6,455.78,461.3,14998
,GOOG,459.34,466.27,458.8,463.97,21954
,GOOG,466.01,470.94,462,470.94,25353
,GOOG,470.71,473.3,467.63,472.14,19028
,GOOG,470.25,476.8,470.05,475.12,19776
,GOOG,475.12,478.91,472.71,477.54,23986
,GOOG,479.92,489.37,478.48,488.29,25873
,GOOG,490.66,497.37,487.15,491.72,44834
,GOOG,496.86,496.98,491.23,491.46,32842
,GOOG,486.22,498.9,486.22,497,21175
,GOOG,500.35,501.99,497.81,499.06,30418
,GOOG,500.92,507,497.71,498.46,27046
,GOOG,500.53,501.41,493,496.77,25286
,GOOG,495.48,499.93,492,492.48,20520
,GOOG,495,501.5,493.295,498.53,18431
,GOOG,499.15,499.75,493.01,498.53,20993
,GOOG,499.76,500.14,487.24,495.85,31417
,GOOG,493.99,496.47,487,487.2,28162
,GOOG,483.79,491.74,482.6,484.58,26008
,GOOG,487.67,492.43,483.34,488.52,21264
,GOOG,492.37,499.37,491.7001,498.74,27329
,GOOG,498.97,518.99,497.81,517.54,48776
,GOOG,519.58,523.25,513.34,514.18,43065
,GOOG,516.435,521.51,514.5,516.25,27398
,GOOG,523,525.76,519.3201,524.04,33243
,GOOG,525.02,527.46,521.38,526.11,30422
,GOOG,532.26,535.58,530,535.32,32650
,GOOG,533.74,536.9,527.27,529.91,61003
,GOOG,547.16,554.75,544.53,549.85,88457
,GOOG,553.09,553.6,548.73,552.09,32201
,GOOG,551.64,552.95,540.7,551.72,40444
,GOOG,550.48,559.35,549,551.1,36731
,GOOG,550.69,555,548,554.09,23370
,GOOG,554.99,557.89,551.2,553.69,23931
,GOOG,556.55,561.64,550.89,554.21,29737
,GOOG,552.56,554.56,544.16,548.29,32180
,GOOG,546.51,550,538.25,540.3,25686
,GOOG,543.94,549.77,542.664,548.65,18480
,GOOG,547.72,551.78,545.5,551.1,18267
,GOOG,554.99,562.58,554.23,562.51,26514
,GOOG,563.39,568.78,562,566.76,22314
,GOOG,570.5,573.5,565.86,570.56,23218
,GOOG,569.4,572.51,566.61,572.05,16680
,GOOG,573.58,576.99,572.78,576.28,21991
,GOOG,574.06,577.5,573.72,577.49,19207
,GOOG,577.49,578.78,572.07,576.65,15501
,GOOG,573.89,574,570,572.99,21683
,GOOG,569.99,571.6,569.4,569.964,20062
,GOOG,576.41,586.6,575.86,582.35,25485
,GOOG,582.5,584.29,576.54,583.09,16086
,GOOG,586.44,587.0599,582.69,585.74,14614
,GOOG,571.58,582.46,570.97,579.76,13845
,GOOG,579.97,583.67,577.11,583,17252
,GOOG,588.19,591.22,583,589.87,23212
,GOOG,590.98,593.01,586.22,587.51,16652
,GOOG,588.89,591.45,585,585.74,14293
,GOOG,593.04,594.832,579.18,585.01,25140
,GOOG,584.14,588.69,581,586.25,16365
,GOOG,583.36,590.66,582,587.05,15255
,GOOG,586.93,589.33,583.58,589.02,17812
,GOOG,590.71,594.71,590.41,591.5,16695
,GOOG,594.59,594.75,587.73,590.51,17233
,GOOG,595.24,597.31,592.6101,595.73,19135
,GOOG,594,596.38,590.99,593.14,22803
,GOOG,598.91,600.37,596.64,597.76,28097
,GOOG,596.46,597.64,593.76,593.94,26407
,GOOG,595.54,598.93,595,596.42,35325
,GOOG,597.6,599.84,595.67,598.68,25719
,GOOG,600.23,601.5,598.85,601.12,18842
,GOOG,603.76,612.8698,602.85,611.68,20753
,GOOG,612.95,619.52,612.2705,618.48,8586
,GOOG,621.77,625.99,618.48,622.87,16980
,GOOG,624.51,624.8425,618.29,619.4,14277
,GOOG,618.07,622.73,618.01,622.73,14663
,GOOG,624.86,625.4,619.98,619.98,12202
,GOOG,627.46,629.51,624.24,626.75,19579
,GOOG,627.84,627.84,621.54,623.99,30078
,GOOG,625.08,625.86,606.36,608.26,39806
,GOOG,609.27,610,592.65,594.1,64180
,GOOG,592.36,603.25,589.11,602.02,47247
,GOOG,603.9,604.46,594.04,601.11,72168
,GOOG,598.08,598.16,588,590.48,48532
,GOOG,576.51,588.38,573.9,587.09,64990
,GOOG,583.75,594.2,582.81,589.85,42415
,GOOG,593.43,593.56,578.04,580,54376
,GOOG,581,590.42,576.29,587.62,43171
,GOOG,585.12,585.98,575.29,580.41,32534
,GOOG,583.21,586.8185,572.251,582.98,63076
,GOOG,564.68,570.6,534.86,550.01,68076
,GOOG,546.53,549.8775,535.51,540,44210
,GOOG,537.62,549.6,536.29,542.42,43567
,GOOG,540.22,547.65,535.31,542.1,39654
,GOOG,544.55,546.9999,530.6,534.29,32310
,GOOG,538.5,540.99,525.61,529.944,41411
,GOOG,533.15,535.81,530.3,533.02,22530
,GOOG,534.11,534.96,527.61,531.12,40963
,GOOG,528.69,542.1,528.23,540.82,29998
,GOOG,536.61,538,525.56,526.778,33827
,GOOG,527.5,533.4985,522.46,531.29,31570
,GOOG,532.385,542,531.5301,533.47,26954
,GOOG,539.11,541.53,535.07,536.44,28286
,GOOG,534.4,537.79,527.69,534.445,26757
,GOOG,532.25,540.49,529.5,536.4,24110
,GOOG,533,537.15,530.5,533.12,22803
,GOOG,537.14,544.13,534.3,541.3,36470
,GOOG,542.44,543.4,537.61,538.207,20306
,GOOG,537.33,545.01,536.14,543.22,23392
,GOOG,540.48,544.03,539.7,540.763,25553
,GOOG,547.12,547.5,541,542.8,21447
,GOOG,543.55,543.63,532.29,535.07,28747
,GOOG,534.39,538.44,530.51,531.47,23269
,GOOG,526.93,528.4899,520,526.43,33093
,GOOG,527.05,531.75,523.48,526.8,20493
,GOOG,530.07,533.29,527.74,532.69,22383
,GOOG,535.02,545.66,535.01,541.06,43574
,GOOG,542.25,548.12,539.25,545.32,30901
,GOOG,546.2,556.13,546.2,554.59,31840
,GOOG,561,567.67,559.9,564.21,39133
,GOOG,564.78,565.18,561.01,562.48,23865
,GOOG,559.46,564.66,556.5,560.19,31775
,GOOG,563.75,578.5,562.21,576.45,56590
,GOOG,574.92,586.21,574.2,581.14,42352
,GOOG,587.57,588.275,579.16,579.54,27562
,GOOG,566.33,569.45,556,563.18,46565
,GOOG,561.56,568.42,560.76,565.2,34328
,GOOG,567.86,571.4499,564.2501,565.56,33224
,GOOG,564.98,568.44,562.96,566.4,17771
,GOOG,566.81,568,557.28,560,47941
,GOOG,555.77,566.85,554.28,557.5,40054
,GOOG,556.45,558.312,542,549,55012
,GOOG,545.55,559.8495,539.7,557.33,65693
,GOOG,559.37,572,558.66,562.88,39316
,GOOG,565.33,567.39,560.0201,562.69,26964
,GOOG,563.05,564.72,560.57,562.45,31051
,GOOG,562.96,567.63,560.28,566.71,19875
,GOOG,565.13,569.74,562.81,567.12,30308
,GOOG,571.02,573.45,565.55,568.8,21026
,GOOG,571.26,574.88,569,571.01,19020
,GOOG,568.24,570.89,565.4,568.22,20600
,GOOG,566.69,568.75,561.86,563.54,25810
,GOOG,563,569.8515,560.05,567.49,19517
,GOOG,566.87,568.77,564,566.22,20568
,GOOG,567.33,574,566.22,572.73,23535
,GOOG,571.22,588.88,571.13,586.77,39122
,GOOG,592,592.34,584.01,589,34038
,GOOG,592.12,597.84,588.287,595.3,67617
,GOOG,563,568.81,549.63,550.145,122394
,GOOG,549.1,553.99,545,550.1,38957
,GOOG,554.89,559.6565,551.06,555.04,29793
,GOOG,556.74,560.25,552.16,554.3,23927
,GOOG,551.15,552.5,543.35,547.06,32836
,GOOG,547.98,549.32,542.27,544.99,20898
,GOOG,544.55,544.99,529.21,531.64,43736
,GOOG,528.94,538.33,527.235,529.06,38447
,GOOG,532,534.83,521.03,529.19,34091
,GOOG,533.34,536.5,526.67,532,30588
,GOOG,531.28,537.68,525.44,525.695,24402
,GOOG,526.7,532.92,525.08,530.6,18603
,GOOG,526.41,526.74,504.21,506.37,60785
,GOOG,500.55,515.72,500.4701,509.76,45821
,GOOG,508.68,517.52,460,498.67,50000
,GOOG,500,505.32,481.33,493.14,50937
,GOOG,513.31,522.82,512.6,521.65,41279
,GOOG,515.01,519.88,508.22,509.05,33243
,GOOG,511.3,512.04,502,505.39,38521
,GOOG,516,522,510.37,510.88,33281
,GOOG,508.89,510.99,496.25,507.53,41239
,GOOG,505.66,508.3608,498.35,507.97,27965
,GOOG,510.16,510.97,497.07,498.37,28302
,GOOG,497.23,499.44,487.74,494.43,34463
,GOOG,485.07,485.58,473.8015,475.01,49179
,GOOG,469.06,485,464.4,472.05,96935
,GOOG,481,489.79,476.8,477.16,43423
,GOOG,467.56,477.45,464.01,477.07,30219
,GOOG,482.07,489.76,475,475.47,34840
,GOOG,484.86,492.31,481.05,490.46,28100
,GOOG,492.91,493.45,483,485.63,28947
,GOOG,480.43,491.06,480.12,482.37,26669
,GOOG,486.41,493.8699,481.46,493.37,25407
,GOOG,495.5,508,494.7,505.6,36518
,GOOG,499.24,509.25,496.7,498.72,39239
,GOOG,499,500.9099,483.15,485.52,36370
,GOOG,487.09,488.84,477.54,484.78,26850
,GOOG,487.28,488.88,472,474.02,27327
,GOOG,480.45,488.5,475.84,487.01,25859
,GOOG,482.5,488.71,481.62,488.5,17843
,GOOG,493.75,494.5,483.19,483.19,20409
,GOOG,483.08,500.4,482.18,497.99,42615
,GOOG,496.85,504,496.11,501.27,22919
,GOOG,503.44,505.87,496.69,500.08,19778
,GOOG,502.68,503.47,498.13,500.03,28787
,GOOG,499.82,500.967,484.89,488.56,29893
,GOOG,489.71,496.6,485.73,486.25,22199
,GOOG,485.67,486.89,478.16,482.05,20296
,GOOG,479.18,482.75,473.261,475.1,18937
,GOOG,477.11,477.646,470.56,472.68,22452
,GOOG,472.55,477.55,469.01,472.08,17625
,GOOG,463.45,464.55,451.12,454.26,35021
,GOOG,453.2,457.83,444.72,444.95,36036
,GOOG,445.22,448.4,433.63,439.49,35138
,GOOG,441.62,442.2842,436,436.55,19362
,GOOG,444.04,447.6699,433.63,436.07,25614
,GOOG,438.34,451.29,435.38,450.2,31319
,GOOG,452.73,457.33,449.66,456.56,26704
,GOOG,472,473.26,462.78,467.49,43327
,GOOG,472.38,479.44,471.08,475.83,33344
,GOOG,482.19,492.99,480.28,489.2,39762
,GOOG,489.88,493.83,486.46,491.336,31185
,GOOG,491.73,494.7,482.68,494.02,48587
,GOOG,469.06,470.56,459.52,459.605,78247
,GOOG,461,469.65,457.52,466.18,45494
,GOOG,461.08,482.99,460.6,481.59,40568
,GOOG,483.6,485.7,475.4301,477.5,32853
,GOOG,482.88,488.98,482.48,484.81,21484
,GOOG,480.78,490.59,480.01,490.06,22671
,GOOG,489.1,490.749,484.88,488.97,19966
,GOOG,490.17,497.5,490.17,492.63,24519
,GOOG,495.05,495.25,482.67,484.35,25024
,GOOG,485.95,488.88,479.33,484.99,26754
,GOOG,479.34,487.36,479.14,484.85,21444
,GOOG,488.98,493.28,486.94,490.41,18674
,GOOG,492.3,507,491.05,506.32,38141
,GOOG,505.85,508.6,503.559,508.1,24264
,GOOG,505.12,505.74,496.05,500.22,33216
,GOOG,502.25,505.5,501.3632,505.35,18732
,GOOG,501.71,506,498.57,503.71,20755
,GOOG,497.72,498,491.5,491.74,22260
,GOOG,483.94,494.75,482.51,492.01,22050
,GOOG,488.94,491.19,486.01,486.35,19400
,GOOG,483.68,489.87,480.5019,485.59,13066
,GOOG,488.37,494.7,486.03,490.52,18906
,GOOG,481.41,482.51,467.25,467.97,39255
,GOOG,467.26,471.59,461.0201,462.02,39233
,AMZN,84.88,85.06,83.54,85,61312
,AMZN,85.25,85.59,84.24,84.5,47233
,AMZN,84.68,86.34,83.95,84.19,47945
,AMZN,84.02,84.76,83.38,84,36137
,AMZN,84.02,84.85,83.14,84.31,39985
,AMZN,84.7,84.99,82.57,82.76,46207
,AMZN,81.81,81.95,80.35,81.19,52637
,AMZN,80.77,82.42,79,79.16,62464
,AMZN,79.01,80.15,77.8,78.14,65215
,AMZN,78.52,78.96,77.51,78.46,41404
,AMZN,78.25,79.78,77.63,78.87,46727
,AMZN,80.59,82.63,80.5,82.24,67762
,AMZN,82.33,84.07,82.3,83.85,70248
,AMZN,84.55,84.9,83.76,84.54,60087
,AMZN,83.82,84.57,83.46,83.86,35721
,AMZN,84.01,84.41,82.79,83.55,44533
,AMZN,85.97,90.98,85.9,90.7,131142
,AMZN,90.81,91.19,89,90.44,78739
,AMZN,90.74,91,89.47,90.28,67705
,AMZN,89.73,90.76,88.48,90.56,42118
,AMZN,91.66,94.19,91.1,93.75,82685
,AMZN,92.91,94.5,92.22,92.38,56857
,AMZN,91.62,92.71,90.77,92.11,50786
,AMZN,91.41,92.25,89.75,90.52,42574
,AMZN,90.92,92.81,90.6,92.21,35088
,AMZN,91.97,92.33,90.1,91.72,43951
,AMZN,92.22,94.17,91.43,93.36,85391
,AMZN,92.75,92.9,90.37,91.04,66451
,AMZN,90.05,91.14,89.58,89.85,50407
,AMZN,90.09,90.93,88.27,88.67,70093
,AMZN,89.33,91.08,88.4,90.91,69641
,AMZN,91.5,94.48,91.15,93.97,74465
,AMZN,94.87,96.72,94.23,95.22,96794
,AMZN,95.01,95.95,94.26,95.71,46960
,AMZN,96.09,96.25,93.07,93.6,55928
,AMZN,93.73,95.25,93.6801,94.83,47218
,AMZN,96.23,97.82,96.02,97.46,55567
,AMZN,95.12,97.06,95.08,96.01,62474
,AMZN,95.25,96.12,93.61,95.32,70401
,AMZN,95.24,96.278,94.25,94.68,60190
,AMZN,96,96.1,94.27,94.98,77794
,AMZN,95.14,96.63,92.9106,93.42,77611
,AMZN,93.6,94.1,91.7,93.45,165184
,AMZN,110.88,119.65,110.62,118.49,583057
,AMZN,119.23,125.68,118.49,124.6399,322711
,AMZN,122.82,124.26,119.42,122.07,203041
,AMZN,121.64,125.12,120.76,121.64,168876
,AMZN,117.5,120.95,116.25,120.61,90911
,AMZN,123,126.98,122.67,126.2,132299
,AMZN,127.21,128.32,125.591,126.67,86335
,AMZN,126.92,130.61,126,130.15,105325
,AMZN,131.22,131.31,128.33,129.91,74356
,AMZN,131.15,132.99,129.75,132.97,73832
,AMZN,131.92,134.56,130.98,131.59,90182
,AMZN,131.31,131.85,129.32,131.25,77508
,AMZN,130.84,131.41,129.53,131.29,52175
,AMZN,130.41,130.54,128.48,128.99,60005
,AMZN,127.51,129.99,127.41,129.66,66555
,AMZN,131.21,133,131,133,68780
,AMZN,133.64,134.33,132.22,132.94,73196
,AMZN,133.45,134.2,132.4,134.03,50764
,AMZN,130,133,129.88,131.74,44225
,AMZN,132.2,136.08,132.16,135.91,101271
,AMZN,137.1,139.35,135.75,138.5,96575
,AMZN,139.18,142.67,138.96,142.25,117979
,AMZN,143.7,145.91,140.77,141.17,165234
,AMZN,143.34,143.45,135.11,137.58,148308
,AMZN,138,139,133.84,134.21,78420
,AMZN,134.11,136.08,132.87,134.11,80068
,AMZN,134.6,134.71,129.82,131.31,126328
,AMZN,132.51,136.19,132.4,135.38,113495
,AMZN,136.12,136.29,133.2,134.15,80513
,AMZN,132.43,132.61,129.35,131.38,100228
,AMZN,130.51,132.46,129.5912,130.23,74341
,AMZN,130.71,131.45,127.65,128.36,102612
,AMZN,129.35,130.08,126.9,126.91,84829
,AMZN,128,128.79,125.6474,128.48,96053
,AMZN,130.45,133.2,130.19,132.79,94802
,AMZN,134.03,135.99,132.65,133.75,82574
,AMZN,134.8,139.05,134.35,138.94,95506
,AMZN,139.19,139.7,137.54,138.47,51287
,AMZN,139.9,141.98,138.53,139.31,87696
,AMZN,141.44,142.58,138.55,139.41,84058
,AMZN,138.04,138.4,135.28,136.49,69174
,AMZN,137.08,137.28,134.52,134.52,45241
,AMZN,136.28,136.61,133.14,133.9,76005
,AMZN,133.25,135.479,131.81,134.69,88564
,AMZN,134.63,134.73,131.65,132.25,71809
,AMZN,131.96,132.32,128.8,130,110301
,AMZN,130.7,133.68,129.03,133.52,98338
,AMZN,132.73,132.8,129.21,130.308,87866
,AMZN,129.06,129.82,126.55,127.35,90981
,AMZN,128.07,129.71,125.75,129.11,107278
,AMZN,129.18,130.38,126.4,127.35,97884
,AMZN,129.35,129.65,127.06,127.14,153827
,AMZN,126.2,128,124.33,127.61,89001
,AMZN,127.18,129.2,125.08,125.78,90815
,AMZN,127.27,128.15,125,126.62,99761
,AMZN,125.6,127.67,120.76,121.43,115778
,AMZN,122.03,122.28,118.12,120.31,120310
,AMZN,120.05,122.98,119.061,119.48,95676
,AMZN,120.99,123.33,118.8,122.75,147652
,AMZN,124.46,127.2,122.8,126.03,272930
,AMZN,129.74,131.8499,124.14,125.41,294789
,AMZN,123.22,124.86,113.82,118.87,377743
,AMZN,118.86,118.98,114.4,118.12,230849
,AMZN,117.09,119.61,116.56,119.1,124090
,AMZN,118.61,120.33,115.74,115.94,127839
,AMZN,115.85,117.65,114.1,117.39,110270
,AMZN,119.375,121,116.56,116.83,98963
,AMZN,118.29,119.09,117,118.03,92271
,AMZN,117.88,118.61,116,117.36,62362
,AMZN,117.22,120.4201,116.5,120.09,83444
,AMZN,118.99,119.94,117.5,119.66,80755
,AMZN,120.06,120.5,117.18,117.53,88742
,AMZN,117,117.13,115.55,116.31,89474
,AMZN,115.95,118.51,114.82,118.08,98074
,AMZN,117.83,119.09,117,117.52,71174
,AMZN,117.33,118.97,116.18,118.01,68093
,AMZN,118.01,119.25,116.51,117.24,70690
,AMZN,117.77,119.8,117.15,119.72,73930
,AMZN,118.29,118.34,115.85,118.2,95358
,AMZN,117.89,119.43,117,118.4,57218
,AMZN,118.85,124.66,117.53,124.54,133005
,AMZN,125,127.35,124.8,125.53,120982
,AMZN,125.4,126.94,124.43,125.89,64430
,AMZN,125.89,128.85,125.57,128.53,75096
,AMZN,128.74,129.45,127.07,128.91,67711
,AMZN,128.3,130.85,127.71,130.11,56073
,AMZN,129.59,130.81,127.97,128.82,60710
,AMZN,128.68,131.17,128.48,130.51,56274
,AMZN,130.36,133.62,130.36,133.58,72446
,AMZN,134.04,134.2,131.18,131.82,61519
,AMZN,131.72,132,128.63,131.13,63293
,AMZN,131.4,132.29,130.5,131.79,41364
,AMZN,132.45,132.694,131.22,131.34,43589
,AMZN,130.97,132.85,130.44,132.76,50241
,AMZN,133.64,133.71,129.66,130.35,89062
,AMZN,130.2,130.96,128.64,130.47,53833
,AMZN,130.68,130.94,128.07,129.26,42136
,AMZN,128.65,129.4,127.2,128.04,47032
,AMZN,129.23,136.91,128.04,134.73,162126
,AMZN,134.86,136.99,133.76,135.06,65754
,AMZN,135.5,136.63,134.33,135.12,46276
,AMZN,135.6,138.19,135.36,136.579,62022
,AMZN,135.66,136.8,134.48,135.77,46021
,AMZN,136.32,136.51,131.18,131.81,87876
,AMZN,132.8,133.74,130.78,131.49,58174
,AMZN,131.18,136,131.18,135.56,79504
,AMZN,135.94,136.08,133.86,134.87,59472
,AMZN,135,141.25,134.71,140.96,126943
,AMZN,140.68,141.33,139.07,140.06,60145
,AMZN,139.92,142.915,139.68,141.2,54464
,AMZN,141.23,141.98,139.12,140.16,47870
,AMZN,140.31,144.5,139.2,144.28,79002
,AMZN,144.3,147.09,144,145.82,78317
,AMZN,144.95,147.17,141.45,142.171,84010
,AMZN,142.37,143.67,139.13,142.43,60231
,AMZN,143.71,144.64,142.1,144.2,43145
,AMZN,145,149,143.5219,146.43,73743
,AMZN,147.17,151.09,145.88,150.09,151657
,AMZN,145.2,149.09,142.42,143.63,189810
,AMZN,143.21,147.73,142.9,147.11,93199
,AMZN,145.34,146.44,141.11,142.02,86412
,AMZN,142.56,142.75,138.69,139.35,92363
,AMZN,140.05,142.45,139.79,141.73,63148
,AMZN,141.4,141.4,136.91,137.1,61134
,AMZN,137.42,139.44,136.11,137.49,56628
,AMZN,135.58,135.81,128.38,129.83,126702
,AMZN,128,131.61,127.55,130.93,94621
,AMZN,129.95,132.33,120.6,128.71,101955
,AMZN,127.97,131.18,123.76,124.98,119360
,AMZN,129.94,132.21,129.26,131.29,68068
,AMZN,130.26,133.08,128.47,130.46,60476
,AMZN,131,134.13,129.68,133.87,59053
,AMZN,133.68,136.99,131,131.47,59409
,AMZN,130.2,131,126.76,128.533,52778
,AMZN,127.85,129.95,125.8,128.91,56427
,AMZN,130.11,131.25,125.51,126.28,52587
,AMZN,125.5,127.93,123.8,124.59,64645
,AMZN,122.3,125,118.78,119.71,85943
,AMZN,117.72,124.97,117.52,122.72,79683
,AMZN,122.34,124.5,120.65,122.12,45349
,AMZN,118.62,125.19,118.5,124.86,71216
,AMZN,125.09,125.79,122.3,123.21,69687
,AMZN,124.98,126.85,120.6,126.7,47485
,AMZN,125.95,127.6,124.01,125.46,39558
,AMZN,124.53,126.572,123.02,123.24,36594
,AMZN,123.9,126.43,121.65,126.31,47646
,AMZN,126.17,129.15,124.85,128.76,52773
,AMZN,126.85,128.2,122.18,122.77,54976
,AMZN,125.8,126.606,121.6744,122.01,65745
,AMZN,121.86,122,115.8,118.835,115177
,AMZN,120.3,121.47,117.36,117.91,73717
,AMZN,119.56,123.5,119.2,123.21,60617
,AMZN,121.4,123.53,120.29,123.03,42058
,AMZN,124.49,125.7,123.5,123.83,39229
,AMZN,123.2,126.92,122.5,126.84,45415
,AMZN,125.59,127.98,125.365,126.9,39644
,AMZN,126.91,127.8,124.69,125.89,34800
,AMZN,126.02,127.48,125.07,125.83,38406
,AMZN,126.79,127.48,121.41,122.55,53276
,AMZN,122.64,125.23,121.55,122.307,62073
,AMZN,122.15,123.22,120.04,121.45,54551
,AMZN,120.78,120.85,116.8,118.33,77719
,AMZN,118.08,121.76,117.626,121,57702
,AMZN,118.77,120.04,117.1,117.8,56125
,AMZN,116.09,116.48,106.01,108.61,128662
,AMZN,108.57,112.68,108.11,109.26,97409
,AMZN,108.86,111.69,106.7,110.96,85303
,AMZN,110.76,111.29,108.56,109.14,44773
,AMZN,111.25,112.53,109,110.06,52194
,AMZN,109.98,113.63,109.81,113.43,49449
,AMZN,115.21,117.48,114.07,116.22,67764
,AMZN,116.5,117.4,114.65,117.26,40650
,AMZN,118.01,119.7,117.32,119.51,47837
,AMZN,121,124.88,120.3,123.65,70910
,AMZN,123.04,123.75,121.4749,123.3,52575
,AMZN,120.31,122.48,119.26,122.06,60511
,AMZN,121.255,121.92,118.01,118.49,62278
,AMZN,118.34,120.74,117,119.94,50308
,AMZN,120.63,120.71,117.51,120.1,67857
,AMZN,120.63,121.25,117.26,117.43,50116
,AMZN,118.71,120.87,118.02,120.07,150033
,AMZN,105.93,119.28,105.8,118.87,424210
,AMZN,118.28,118.6,114.88,118.4,111377
,AMZN,118.43,118.5,115.0658,117.13,77960
,AMZN,116.8,118.2,116.4,117.13,54722
,AMZN,118,118.87,115.52,116.86,61848
,AMZN,115.5,118.74,114.51,117.89,70831
,AMZN,120.02,122.87,119.68,122.42,59629
,AMZN,123.08,128.47,123,127.58,92750
,AMZN,126.8,128,125.82,127.83,42822
,AMZN,126.59,128.4,125.9,128.32,50659
,AMZN,128.46,129.93,127.8501,128.83,50870
,AMZN,127.95,130,127.38,130,57068
,AMZN,128.1,128.12,125.2,125.89,55423
,AMZN,123.75,127,123.55,126.56,43684
,AMZN,126.07,127.48,124.26,124.69,39835
,AMZN,123.68,127.37,123.04,126.07,40276
,AMZN,129.19,130.02,126.82,127.57,55824
,AMZN,127.09,128.04,126.02,127.76,41725
,AAPL,167.81,169.37,166.8,169.22,148597
,AAPL,170,170.71,168.27,169.06,145331
,AAPL,169.43,170.94,169.13,169.4,115840
,AAPL,168.94,169.55,166.76,167.41,108570
,AAPL,168.59,169.57,164.83,169.45,160421
,AAPL,172.06,172.49,168.53,170.05,162092
,AAPL,168.09,168.85,166.5,168.21,111264
,AAPL,168.02,170,164.94,165.298,167509
,AAPL,164.5,167.61,164.11,165.18,130143
,AAPL,166.52,167.1,165,166.55,105036
,AAPL,167.2,170.7,167.09,170.31,133795
,AAPL,172.72,174.47,169.7,171.14,289746
,AAPL,172.03,173.25,170.81,172.56,175404
,AAPL,172.96,173.18,170.87,172.16,124628
,AAPL,170.85,173.9,170.25,173.72,115003
,AAPL,174.04,175.65,173.59,175.16,152310
,AAPL,178,182.75,177.88,181.87,269293
,AAPL,181.99,186.79,181.97,184.55,289489
,AAPL,185.9,186.55,184.76,185.02,214909
,AAPL,184.44,185.16,181.62,184.02,156327
,AAPL,185.1,185.38,182.85,184.48,127487
,AAPL,185.35,188.9,185.03,185.5,212157
,AAPL,187.28,187.7,182.77,183.82,196742
,AAPL,182.13,185.5,181.44,182.37,159102
,AAPL,183.83,186.68,183.33,186.1519,120588
,AAPL,186.66,187.4,184.31,185.38,123351
,AAPL,186.04,186.45,182.6127,185.35,192708
,AAPL,185.49,186.22,180.7,180.8599,187396
,AAPL,181.38,185.94,181.35,184.9,197655
,AAPL,186.2,186.86,184.2701,186.024,150152
,AAPL,187.73,190.01,187.3,190.01,216101
,AAPL,189.82,190.55,189.032,190.25,166309
,AAPL,190.8,191.45,188.89,189.27,156503
,AAPL,188.9,190.7,188.62,190.47,104783
,AAPL,190.97,191.51,189.64,190.81,102911
,AAPL,190.58,191.17,189.7,190.02,124292
,AAPL,192.2,192.32,190.23,191.29,134203
,AAPL,189.6,190.92,189.53,190.56,133412
,AAPL,189.25,190.36,187.84,188.05,154080
,AAPL,187.84,190,185.55,189.86,336510
,AAPL,200.47,201.75,197.85,198.76,407514
,AAPL,199.62,208.7099,199.23,204.92,426330
,AAPL,204.52,207.85,202.51,205.2,282639
,AAPL,205.74,205.8,203.23,203.94,150280
,AAPL,203.71,206.75,200.1,202.48,172977
,AAPL,201.64,202.81,196.45,197.37,270196
,AAPL,197.36,198.02,191.1,192.4,292280
,AAPL,192.7,195,191.82,194.0301,137472
,AAPL,193,195.19,192.4,194.34,105439
,AAPL,196.95,201.9,196.26,201.46,188876
,AAPL,201.07,204.98,201.01,202.98,143283
,AAPL,204.63,205,201.83,203.25,158599
,AAPL,202.97,204.83,202.07,204.45,122618
,AAPL,205.44,208,205.01,206.63,173287
,AAPL,206.07,207.44,205,207,141611
,AAPL,206.26,207,204,205.96,133685
,AAPL,204.51,204.61,199.8,200.51,193687
,AAPL,198.33,200.39,197.76,199.92,145317
,AAPL,203.12,206,202.95,205.88,169705
,AAPL,205.21,205.88,202.9,204.44,113727
,AAPL,205.5,205.65,203.76,204.19,102374
,AAPL,199.1,202.96,198.37,200.59,105448
,AAPL,200.91,201.68,198.77,199.91,151734
,AAPL,202.25,202.77,196.83,196.97,166343
,AAPL,199.05,201.42,195.75,196.23,255449
,AAPL,197.87,198.98,196.27,196.48,160256
,AAPL,199.7,199.88,190.28,193.32,295395
,AAPL,193.32,193.77,188.68,188.95,255270
,AAPL,189.04,192.35,188.7,189.87,246570
,AAPL,191.25,198.16,190.31,197.8,244564
,AAPL,199.69,199.7,196.12,196.43,174881
,AAPL,197.75,198,193.43,194.67,153490
,AAPL,195.47,197.43,192.56,196.98,177067
,AAPL,195.76,197.51,193.27,194.17,149897
,AAPL,195,196.5,194.55,195.03,126113
,AAPL,194.87,195,191,191.86,138870
,AAPL,193.1,195.503,192.6,195.43,217417
,AAPL,196,199.75,195.67,198.23,218704
,AAPL,199.79,200.85,198.66,200.36,124826
,AAPL,201.19,202.38,200.81,202.1,123401
,AAPL,203.43,209.35,203.35,209.04,178888
,AAPL,211.15,213.95,209.611,211.61,230201
,AAPL,212.65,212.72,208.73,209.1,159001
,AAPL,208.75,212,208.31,211.64,147172
,AAPL,213.11,213.35,210.56,210.732,125860
,AAPL,213.5,214.5,212.38,214.01,176331
,AAPL,214.79,215.59,213.25,214.38,214965
,AAPL,214.38,215.23,210.75,210.97,197199
,AAPL,211.68,212,209.05,210.58,170403
,AAPL,210.4,212,209.06,211.98,159955
,AAPL,212.97,213,208.45,210.11,165081
,AAPL,209.32,209.77,206.42,207.72,212306
,AAPL,208.12,210.93,204.1,210.65,216389
,AAPL,210.04,210.46,209.02,209.43,154697
,AAPL,211.4,211.6,205.87,205.93,212262
,AAPL,208.39,215.19,207.24,215.04,260716
,AAPL,214.91,215.55,209.5,211.725,218625
,AAPL,212.29,213.3138,207.21,208.072,217197
,AAPL,206.78,207.5,197.16,197.75,314916
,AAPL,202.83,204.7,200.19,203.075,380606
,AAPL,205.86,213.71,202.58,205.94,666824
,AAPL,206.81,210.58,199.531,207.884,615202
,AAPL,205.32,205.5,198.7,199.29,419107
,AAPL,201.33,202.2,190.25,192.063,444982
,AAPL,192.58,196,191.3,194.73,267812
,AAPL,195.93,196.32,193.38,195.86,249407
,AAPL,195.26,200.2,194.42,199.23,219759
,AAPL,196.85,198.37,191.57,192.05,270589
,AAPL,192.7,196,190.85,195.46,303680
,AAPL,195.68,197.88,194,194.12,170810
,AAPL,196.46,197.5,194.75,196.19,226030
,AAPL,195.82,196.6,194.26,195.116,132271
,AAPL,194.79,199.75,194.06,198.67,196551
,AAPL,198.17,201.64,195.5,200.38,234095
,AAPL,201.94,203.69,201.52,203.4,193437
,AAPL,204.25,204.31,200.86,202.55,155855
,AAPL,201.63,203.89,200.92,202.928,151008
,AAPL,201.85,203.2,201.11,201.67,148476
,AAPL,202.44,202.5,199.19,200.416,139580
,AAPL,199.91,201.33,195.71,197.059,205468
,AAPL,198.5,201.44,197.84,200.656,164487
,AAPL,197.38,202.86,196.89,202,237641
,AAPL,202.45,205.17,202,204.62,181235
,AAPL,205.75,209.5,205.45,208.99,196461
,AAPL,209.97,210.83,207.74,208.85,202337
,AAPL,209.16,209.87,207.94,209.33,132942
,AAPL,209.39,210.92,208.63,210.71,130728
,AAPL,215,219.7,214.63,218.95,321292
,AAPL,219.98,220.09,218.25,219.08,153531
,AAPL,218.15,225,217.89,223.02,328663
,AAPL,223.71,225.48,223.2,224.84,212934
,AAPL,223.86,225.5,223.32,225.5,144892
,AAPL,227.05,227.73,225.75,226.6,148686
,AAPL,225.5,225.5,220.25,223.84,176250
,AAPL,224.19,224.98,222.51,224.45,159609
,AAPL,224.79,226.45,223.27,224.12,161055
,AAPL,223.92,225,222.61,224.65,122181
,AAPL,225.16,225.24,221.23,222.2499,199801
,AAPL,220.5,226,220.15,224.75,163006
,AAPL,225.66,228.78,224.1,228.36,215153
,AAPL,227.85,230.2,227.51,229.37,213671
,AAPL,230.87,230.97,226.25,226.65,194023
,AAPL,228.98,231.95,228.55,230.9,228883
,AAPL,232.91,233.8699,231.62,232.39,193122
,AAPL,236.67,237.48,234.25,235.845,188324
,AAPL,235.85,236.61,234.46,235,153806
,AAPL,237.67,238.73,232.75,235.97,215408
,AAPL,234.99,238.51,234.77,238.49,244466
,AAPL,238.28,240.24,237,239.54,159648
,AAPL,239.72,241.92,238.6601,240.6,224464
,AAPL,240.4,241.54,238.04,239.95,204638
,AAPL,241.46,241.89,240.46,241.79,119350
,AAPL,242.9,243.07,241.81,242.29,119005
,AAPL,242.23,242.8,241.11,242.43,109360
,AAPL,245.17,245.81,244.07,245.69,144312
,AAPL,245.95,249.03,245.51,248.92,134565
,AAPL,248.99,251.14,244.55,247.4,268051
,AAPL,246.55,247.89,241.77,247.07,202472
,AAPL,249.24,249.25,242.955,244.59,263687
,AAPL,258.26,260.25,255.73,259.22,350854
,AAPL,258.18,266.75,256.2,266.4695,283365
,AAPL,267.01,272.18,267,270.83,284626
,AAPL,271.98,272.46,268.19,269.5,171095
,AAPL,267,267.84,260.52,262.04,253336
,AAPL,263,264,256.41,261.6,270857
,AAPL,263.05,270,262.01,268.64,199585
,AAPL,269.74,270.57,261,261.09,193736
,AAPL,264.42,267.88,262.88,266.35,162264
,AAPL,262.44,263.29,256.75,258.68,258506
,AAPL,252.88,258.14,248.73,255.985,315393
,AAPL,254,258.25,199.25,246.25,459235
,AAPL,244,246.57,225.21,235.86,598577
,AAPL,251.17,254.65,248.53,253.99,351537
,AAPL,252,259.89,250.5,256.52,303696
,AAPL,259.64,263.13,258.7,262.09,233706
,AAPL,263.26,265,256.4,258.36,214182
,AAPL,255.21,256.48,249.5,253.82,271200
,AAPL,254.16,256.18,247.71,254.22,272440
,AAPL,257.035,258.55,250.26,252.36,279527
,AAPL,249.48,252.92,244.85,248.34,366330
,AAPL,241.4,243.85,236.21,237.76,458183
,AAPL,231.65,244.5,231.35,242.32,437109
,AAPL,247.26,250.9,246.26,246.76,268394
,AAPL,239.9,246.76,237.16,245.22,374290
,AAPL,250.2,252.13,243.75,244.109,303805
,AAPL,250.73,253.89,249.11,253.35,237964
,AAPL,259.18,259.4,253.35,256.88,291290
,AAPL,259.7,265.94,258.96,260.83,313026
,AAPL,264.74,264.8,260.335,263.95,245909
,AAPL,265.2,265.55,260.41,263.12,232199
,AAPL,258.47,261.9,254.63,255.965,270872
,AAPL,258.37,259.15,250.55,250.94,316779
,AAPL,253.38,253.8,245.65,249.33,357417
,AAPL,251.56,251.9,242.49,243.2,305224
,AAPL,244.81,250.98,242.2,250.51,277269
,AAPL,248.17,253.86,247.37,253.51,194914
,AAPL,256.09,259.15,254.01,254.28,215343
,AAPL,255.6,259.85,255.5,259.69,208954
,AAPL,261,267.75,260.6302,267.25,279889
,AAPL,270.72,272.9,269.5,271.87,311950
,AAPL,272.23,275,271.42,274.074,280221
,AAPL,277.75,279.01,268.73,270.17,277317
,AAPL,272.24,275.97,271.5,273.85,256164
,AAPL,274.57,274.66,267.9,270.97,274448
,AAPL,270.97,273.195,268.1,269,255404
,AAPL,270.02,270.27,265.81,266.7,196407
,AAPL,266.99,269.75,264.52,268.3,209083
,AAPL,256.74,257.97,250.01,251.53,264095
,AAPL,254.11,254.8,243.22,248.48,365340
,AAPL,250.7,250.93,243.2,246.94,248034
,AAPL,250.62,258.77,249.75,258.665,233771
,AAPL,262.58,262.9,254.89,258.09,263625
,AAPL,256.9,259.9,255.16,259.62,154847
,AAPL,258.53,261.85,254.86,257.285,201027
,AAPL,256.21,256.4,246.43,251.798,425340
,AAPL,249.19,255.8,249,252.727,290061
,AAPL,248.27,256.97,247.3,251.45,294594
,AAPL,253.06,254.97,248.41,249.9,371377
,AAPL,249.74,249.88,239.6,245.58,365892
,AAPL,242.47,252.9,240.01,251.89,383910
,AAPL,264.99,265.15,254,254.24,423453
,AAPL,257.72,260,255.31,259.024,230470
,AAPL,257.21,260.38,256.28,259.94,190495
,AAPL,259.98,260.0998,257.71,259.28,150196
,AAPL,260.68,264.8,260.3,264.08,208846
,AAPL,263.67,265.99,260.25,260.96,185708
,AAPL,260.71,262.65,256.1,258.11,229930
,AAPL,255.75,259.7,254.9,257.25,160162
,AAPL,260.44,262.59,259.62,261.85,152887
,AAPL,262.77,264.28,260.311,262.98,150198
,AAPL,261.48,263.18,260.55,261.7,103343
,AAPL,259.7,261.49,257.63,260.091,158933
,AAPL,261.49,262.15,259.57,261.75,108259
,AAPL,259.85,260.45,257.55,259.41,161399
,AAPL,255.14,255.69,249.81,250.19,221447
,AAPL,246.6,253.1,246.12,251.79,191042
,AAPL,251.03,251.88,249.09,249.1,126738
,AAPL,247.72,250.01,246.62,247.64,113724
,AAPL,250.11,254.63,249.2,251.97,150946
,AAPL,252.78,253.48,248.68,249.88,152394
,AAPL,249.38,253.92,249,249.64,137224